000

- - 1100. 1013. 1091. 9339.

- - 00101. 690. 1161. 1168.

- - 000. 901. 1033. 1618. 1168. 1899.
1865. 1969. 9015. 9999. 9363. 9318.
- - plshanus 690.

- - 0000111000 0081001101100101110101.
0011.00100.1150.1493.1155. 000.
11000011μο1 10 1111111011ιο 1000. 0.
1899. p.sr Ρ1011011101011100001959.
1969. p.1964 1965.1989.1983.9113.
9114. 9149. 0000100 1111110011 archiep.
Goion. 01 11111010110001111010110000010

10001 personarum 0110001001.

16651196.11911845-1841.1991.
11001000 00 Buroe Georgius 00 Ar·
00101 9011. 9048. 9013. 9014. 9158.
9194. 9195. 99409984. 0011000193.

- - 1100. 380. 0001. 94.
- - 00101. 419. 509. 690. 1168. 1943.

1961. 1664. 16651196. 11911811.

- -0011, 90. 98. 39. 199. 361. 385.

386. 389. 395. 430. 696. 915. 916.
1013. 1046. 1053. 1103. 13161391.
ff. 21113489. 1614. 1115. 1116. 1831.

9189. 0111010110 curios 001011. 0100010- - - 00001000001000001119011.0111011

tarius 01 familiaris 1101111101 arohisp.

00100. 9999.
-0001, S. 0001 ’1 prosp. wernerus 00
110100 1654 9980

- -· 000110110οι 00 Argsndorp 519. 635.
611. 113-115, 194184. 186181190.
791. 191. 198. 801. 806. 834. 846. 869.
814. 998. 999. 931. 934. 936. 931. 963,
919. 983. 984. 1039. 109819131963.
1986. 1981. 1989. 1990. 1991. 1339.
1369. 1313. 1440. 1443. 1445. 1456.
1415. 1419. 1496. 1509. 15181591-
1593. 1596. 1598. 1530, 1539. 1550.
1559. 1511. 1651.1619-1614. 1616-
1618. 1685. 1686. 16991100. 1711.
1190. 1198. 1139. 1136. 1189. 1163.
1168. 1113. 1181. 1195. 11961800.
1811. 1899. 1831. 1845-1841. 1860.
1865. 1866. 1814. 1909-1911. 1939.
1959. 1963. 1966. 1910. 1914. 1981-
1983. 1984. 1986. 1981. 1991. 1999.
9003. 9011. 9048. 9051, 9069. 9091.
9109. 9196. 9133. 9134. 9194. 9195.
9948-9951. 9315. 9316. 9349.

- - 00101. 419. 688. 198. 134. 135. 813.
815. 811-819. 103110381049. 1013.
1091. 1095. 1100. 1904. 1901. 1909.
1913. 1954. 1988. 1398. 1339. 1354.
1400. 1411. 1509. 1531. 16841111.
1119. 1851. 1854. 1851. 1966. 9005.
9001-9009. 9014. 9015. 9056. 9051.
9019. 9080. 9133. 9948-9951. 9965.
9309. 9315. 9316

laicalis 1986. 1351. 1119. offic-ium
simplex 1400.
-.0001 81101100 00 00001449 1141.

- -01000.1084-1086.1088.1100.

1101. 1101011οε 00 1110010131151.
11591915. 1991. 1863. Ηο011000 00
luliaco 1944- 1946. 1964- 1961. 1969.
1911. 1914-1983. 1993-1309, 1391.
1389. 1383. 1386-1388. 13951416.
1449. 1509. 1519. 1519. 15901599
1593. 1596. 1598. 1599. 1543. 1569.
1589. 1136-1138. 1146. 18631960.
1961. 9049. 9041. 9011. 9191-9135.

- - 000. 401. 5110. 601. 681. 690.

714. 115. 831. 963. 981-989. 1096.
1100. 1110. 1111. 1149. 11541165.
1193. 1199. 1910. 1911. 19141916.
1993. 1999. 1494. 1495. 1591. 1530.
’634 1109. 1119-1191. 1136-1138.
1166. 1771. 1119. 1181. 1198. 1815.
1855. 1914. 1111111000 00 Gslstorp,
110011000 00 Εο010011019984.

- - 1100. 404. 583. 681113183184.

938. 1991.

- —- schol. 591. 611. 690134149183.

801. 861. 819. 1110. 1111. 1190. 1191.
1151. 1194. 1916. 1996. 13691165.
1111. 1119. 1198. 9011.

-· - 000. 635 698. 119. 131. 184. 981.

983. 1091. 1099. 1039. 1190. 1196.
1969. 1491. 1601. 1691. 1611. 1711.
1764. 1845199990019046. 90559984.

-· - arcarius 1459.

·- — 0011409. 185. 835. 8369961064. - 0001. 880101101111000564-1101000-
10181154.1954198113641314. 1100000110000001 11000011οο0000.
1699. 164819141961. 11010100000 99949349. 9389. 000. 9919. 00101000
00800010100011. 835000. 8010010 00 1110110 9915. 9991. 9980. 9984.
Lsod. 1154. 9999. 9336. 9318.

- 0001. 8. 00100010 430. 454. 1400. - - can. 1963. 9941. 9331.

1419. 1660. 11551911. 19899068. - 0001. paroch. S. Albani plebanus 690.

- - prosp. Ηο011000 0011011100 109. - — S. 81101000010110000690.
1101001000 00 010110 1041. 10481848. - - 8. christophori 01010000690.

1911. 1918. - - S. 0010101110 plebanus 690. 000·

- - 000. 401. 414. 419. 561. 569. 515. bini 154.
516. 596. 600. 649. 613. 690. 831. - - S. 100011 plebanus 690. ’
998. 919116019091990. 1991. 1345. - — 0010018101001110 Bspt. plsbsnus
1341. 1348. 1314. 1431. 1439. 1511. 690.

 

