601

- 0011. 101110110101011101113. 158.
849. 968. 1329 1330. det. 413.

-0011, 411. 415. 488. 650. 770. 853.
967. 1012. 1161. 1994. 2141.

-0001, 8. latiae 300. 503. 0108140-
11008003010000 (100. 21813. 000. 1298.

- 1000001. 8 0001101 abb. 853.

- 11100011. 8. 8100101 10 01010 2063.
11100001. 8. 711001 (700000) abb. 853.
1994. 2063. 11000018. huri 1000101.
013 8. 80003. 161.

·- 8011011οι 30 - 000 000181001100
10 1100001000 7101. d. 1994.

1110101100 (Formo 10 8111011101100)
00 8100011001710.

Vir-itm (110 Formam-Amano,
310. 80010-110100)101100000 30 -
000. 711300. 2141.

7110011010 (bei 030000) 0011110100,
00011001 01 11110313.

- 1111100111. Μ. s. Kuniberti

001011 109. 1759. 001. 30 8030100 00

100 3. 1767. 001101. 80001. 1791.

- 80011001 30 V. clericus 710101. 3.
(0000000100οι 01 familiaris 0100001·
10000 03016 10010 Romanorum 13. 14.
20. 28. 05110000 01010 beneficia 39.
40. 01000. 00100. 86. 1. 00100. 01011100.

- 17010010111010101011100.00100 000.
00100. 018. 110100οἰ0 00100. 199.

- (10101300 30 7. 0101113. 30 1100001οο
10 0001. 710101. 366. 0011010010057111.
000. 8000. 1061. 000. Laod. 2188

- 11000100 30 7. soror archiep. 00100.
011011000000011. 81101100 10 00011011ος
00100. 368.

- 1101001010 3 7. abbatissas. 000011100
colon. 402.

- 110οῐ1000 3. 7. 00001 Ηο01101010111·’,
001. 00100. 00000100. 01 01000. Su· ·
001. 367. 01000. 8000. 430. 51111.
641. 690. 850. 01000. 88. 1001101. Co·
1011 0101113. 8000. 001 1000110011 Co-
100. 31000. 01110000 001101 10 013011·
kirchen 01 10 1101001101οι 1499-1501.
1514. 1551. 01101 001 10 14111001 1730.
1. 1111000110. 01011100. 8100 000100001-
0000 1110011101οε 0101100000 30 80000.

- 8000ηο0 001000 307. 110101 Raurici!
01000. 8000. (010110011100001.)
850 0000100 (01000011) 0101110οἰ. Co·

100. 1035. 1041. 0000100 300010 Α11011100
1049 1076. 12301261. 15731514.

1593 1683. 1146. 1922. 2091. 2188.Ι
2198. 2286.
- 1101111130 (8000111 6110) 0001 0110010 !
00011113001010,000111011111001001011. ,
-81011101300 30 V. 013. Β. 1101100
nomannorum 2001.

“ 711000 101100000 (10 -

10300 pamm 01 10001001.

-10101100030 7611008001111 00101110,
01000 1101000010, 0000100 300001 1111-
011100 1019. 11101).ωο. 0000110 1068.
000. 001011 et 80110. 01 Rugum!xm 001.
10 0000710101. 3. 11220100
1123-1125 lm 000. 710101. 1616.
servitii· nehiepiaeopmm 1100001. 01
Uolaminiam 1985. 2091.

- 80001100 30 7. filius 8000111 00101110,
01000 emt 880800301030000100.
0011. 00100. et 8000. 01710101. 1051.
1052. 1245. 1675. 01000. 1701300. 1988.

- ,4301101 filiun 8000111 00011110, 001. 10
11015010 Tmen 3. 01000. 8110100011
0010011113. 0011. 710101. 1614. 000.
laod. 2188.

- 8011101300 filiu· 8000111 mitis, 000.
8000. 1054. 000. S. (10100010 00100.

- 80011000 30 7. 61100 8000111 00101110

- Elisabeth uxor 11001101 30 7. 61107100·
30110130 0101031011 11011 1041.

-8001110 30 - 0000101101100110101
1680. 300000 11113010 1699.

- 00101100 30 - 000110100010 30701·
honburg 2354.

- 0001 7110101010 00010300 30 -.

7001000310 (7010003010 10 11013-
11001101011) 231.

vie„ 10 valon
101011 3. 1911.

7100100101( (7005000000, boi 8010) 10
10000030 - 013. 8. 1400001. 866.

- 00010 30 - 011100, 00110000 0001. 30
1100001001001503.

71000011 (10100010 804. Ano - imperii
110 00001060 1921. 1941. (2084).

71001000101100000 30 80000 0101. 00100.
31000. 1151. 1111011010 8. 100011 10 eccl.
80011. 01000 88. 11000101. 00100. 1210.

71010οο0010 (7) 00. 10100000 443.

7101001011 v. 8101001011.

7111001010 1101011001 30- ,80011000
0101 1., 000. 8. 80101101 00100. 862.

8. 7110 10100000 801100 30- 001. 10
0101110110 (310010 001 11111011) 01
000. 8.Ρο01111003.684.

8. 71101111 (700001) 1000001. 013. 8
80003. 711300. 0111171ιί11000030 001·
1110010 (8111100013 110180101033.

71101100011(71110111083311001101011)
0001. 000500626. 11631176 1294.
1305130117020.

,71101111 (7111011) 801101 30-

71101. 010011001010010. 00. 1163. 1116.
129413051301.

7110110 (10101300 30- 000. 81101100
Aquensis 018. 11000016 1101001010. 01
80001. 01 001 10 11000110 (7) 00100. 3.

 

