Iudox personarum 61 locorum.

06166166611 archiepiscopatus 80.
coloniensis 6161166166661 dapifer Godo·
11..6661666166
0655166516(61666616θ 56616166166111
- coloniensis 103. 170. 359. 690. 850.
- 3661166616 690. 1499-1501. 1503.
- 6661. cathedralis 693. 1118. 11951909.
1991. 1397 1774.1798.1910.1919.
ωιε662162116661261648. Μ61166 virginiae
..Ε-61611611... ...
ῃθῖῑ18661116691151161611661671166116163940.
59165170. v. Colon. 616111666816666
36861116 consobrinus 11166161 3166661
cardinalis, not. 6666111 170. 317. 319.
391. 195. 118. 553. 567. 568. 5716.
57111. 573. 576. 580. 581. 613. 669.
711. 830. 939. 1150. 117314991781.
-22-392100. 61. 61. 63. 166. 111. umatus
919. 999. 505. 5716. 608. 1616666636
Cluvio 613. 611. 690. 799. 809. 1193.
116013671513. 1785. 1835.
- -61111166, 06616666 do Bonneuborg
-596111666156966611114, 1666. 1666.
1569. 1687. 9099. 9114. 9348.
- - 666166 570.

- - 666161, ohoriepisoopus nuncupatus, ·

180. 963. conradus (16Μ61116 965. 987.
989. Eugilbortuo do Morka 987. 989.
1199. 1999. 9071.

- —· 661161. 31. 54. 8616111611 do 71166·
burg 65. 316. 57111. 9009.

- - 866116161166 1983. 1835.

·- -666611611661959

-666, 19. 98. 51 199. 918. 916319.

313. 390. 391. 358. 366. 367. 395. 107.
115. 151. 188. 196. 500. 513. 569. 599.
636. 611. 655. 689. 741. 719. 758. 781.
783. 854. 861. 865. 984. 987-989.
1003. 1059. 1053. 1059. 11181199.
1193. 1149. 1150. 1159. 11551199.
1906. 1999. 1993. 1971. 13031311.
119911401188. 118914911199.
1500.1501.1536153816931633.
1631. 11159 1675. 167617061709.
1710.1733.1735.1743.1755.1848.
1855. 1991. 1995. 9030. 9113. 9138.
9139. 9149. 9189. 9990. 9981. 9318.
9336. 9359.

- - 11661166 9070.

-· - 6666111116, dignitas 1199. 1194.

—- - 611616Β.1161166111 novo 66616 118

- — 611616 Omnium 8666161616Ι 111 ou·
66116 61666111 1505.

599

- - 6666116 8. Lamborti in emunitate
6661661661795. 1796.

- 6661. 86661666 360. 418. 1597. 1871.

-22-261666. 1087. 1903. 1889. 9001.

- - dou. 360. 385. 503. 657. 659. 688.
690. 719. 791. 869. 901. 999. 978.
1077. 1078. 1156. 1193. 19101963.
1317. 1333. 1345. 1347. 13181354.
1368. 1374. 1175. 1479. 1508. 1537.
1616. 1667-1670. 1691. 1709. 1791.
1736-1738.1757.175817611766.
17671781.1817191019111938.
1985. 1986. 9006. 9016. 9016. Η616·
11666 do Vlorio 9056. 9057. 9068.
9199. 9187. 9919. 9985. 9309.

- -theu 19. 65. 119. 199. 567. 569.
787. 10331179.

- - 6661. 933. 940. 1097.1195-1197.

- - 661161. 905. 360. 690. 999. 999.
931. 933. 940. 1079. 1759. 9001. 9014.
9059. 9079. 9110. 9111. 9159. 9915.
6611661530.

·- - oon. 905. 576. 731. 789. 786.
1036. 1037. 1049. 1079. 19151989.
1318. 1363. 1478. 1483. 1530. 1538.
1656. 1679. 1673. 1701. 17591759.
1760. 1765. 1794. 1896. 18391846.
1909. 1913. 1966. 1983. 9007. 9051.
9056. 9057. 9097. 9109. 9195.

- - ultore 8. 16166616 Bupt. 1196.

·- - do 8. Andron Lndovicuo 116166161-
61661). 06166. 1597.

- 6661. 88. Apostolorum 419111419.
199. 499. 1338. 1418. 9991.

- - 61666. 1030. 116611666 3671166·

bur 149
7166616 1973. 9197. 9319.

- - doc. 104. 105. 385. 386. 495. 9389.
- - theo. 1098141914111456. 7761-
161666 1161611666 1719. 1971. 9008.

- —- cnut. 9134.

- - schol. 117. 785. 788. 10961097.
ἓξὲξ 1038. 1069. 1093. 10951951.
- - cun. 965156. 631. 687. 737. 836.
909. 963. 1096. 1049. 1056. 1910.
1309. 1354. 1449. 114114641518.
1685.1700-1709.1733. 1770. 1779.
1905. 9069. 9191. 9980. 9319. 9349.

- - 6161161166 690.

·-· -111161666616616 9013. 9011.

- 6661 8111161661111919. 1739.

- - 61666. Friderious 109. 1759. 11116-
11666 do Vimoburg 1767. Constantinus
do Cornu 1767. 1968. 1970. 9019.
ἓξὲξ. 9046. 9059. 9053. 9071. 9101.

--666Μ6736909189531397

; 1981.

 

-1501, 9319. Rombolduo do '

