646

Index rerum quarundam notabiliorum.

et abbatiae: 194. 243. 245. 288. 294.Ι 1695. 1784. 1892. 1896. 18981908.

0551155111. 82. 83. 103. 147. 208. 2601
261. 360. 375- 377. 384. 404 426
455. 498558. 560. 1806. 1809. 1852.
1923. 2021. 2077. 2107. 2223. 2300.
2351. 2372. 2383.

Decima in manibus 1515515511 2062.

Decima novalis: 1900. 1901.

Decima solvenda 555155155168. 1205.

Decima solvenda episeopo: 592.

Decime solvenda principi: 809.

Desectam aetatis 5111155155 5151151. 223.

320. 358. 366. 367. 395. (402.) 682
924. 925. 987. 988. 991 1017. 1018.
1051- 1053 10721155 11641245.
1255 126213381585 1619. 1770.
1863. 1925. 1937. 2080. 2088. 2289.

Desectam natalium patientes 51511511 48.
108. 169. 171. 178. 179. 192. 205. 265.
287. 300. 318. 319. 322. 357. 483. 574.
601. 611. 655. 775. 776. 780. 855. 876.
907. 917. 950. 966. 971. 1036. 1044.
10451107. 114712251237. 1300.
13121360. 1442 7113..) 1504. 1571.
16191625. 17001725-1727. 1754
1769. 1794. 1818. 1833. 1844. 1902.
1971. 1975. 1977. 2069. 20702227.
2232. 2253- 2257. 2323-2330.

Dispensationes super matrimonio: 18. 60
76. 95. 100. 125. 126. 272. 290. 338.
432. 442. 510. 612. 615. 616. 743. 951.
999. 1040. 1058. 1188. 1370. 1832.
184519481949195319551977.
1989. 2043. 2084. 2145. 2151. 2172.
2186. 2218. 2235. 2237. 22592278.
2294. 2311. 2312. 2354. 2368. 2369.
2379. 2381.

Dispensationee super ordinibus 5115115 15-
511715155ᾱί5 61326313671661. 1785.

Dispensationes 55 per 1551355351 20. 114.
128. 237. 241. 263. 265. 311. 333. 372.
397. 425. 448. 480. 481 489 521. 578.
580. 652. 712. 713. 1047. 1121. 1125.
1171. 1224. 1365, 1404. 1492. 1495.
1545. 1550. 1636. 1652-1654. 1665.
1668. 1757. 1795. 1841. 1913. 1914.
1939. 1957. 1958. 1984. 1985. 2006.
2008. 2010. 2063. 2095. 2121. 2140.
2141. 2162. 2239. 2357.

3555131 513.Ρ111531551515111 errores: 1703.

Eleu-,tiones 3155513551 45. 65. 187 206.
273368. 402. 474. 586.

1917. 1919. 1920. 2018. 2331. 2333.
2343. 2368. 2380.

31515511551515 curiam Romanam sequen-
1111111 universitas. 2287.

8 3111551551 5135151115515105.

11555 115115 S Iohannis 151555111551351
213. 243. 249. 276. 353. 617. 621. 653.

809. 1511. 1606. 1704. 2143.

-praeeeptor 3515515111- 15 Saxonis,
Marehia 5181111111 1705.

11155 italis Β. 115115575551551551515 51351
527. 52812861450.184219921998.
2091. 55515151551155511111511111155535
Ρο1151551115 1992199815551515151·
31515. Carolus 530- 532. 534.

Imperii Romani iura vacante imperio
devolvuntur 53 pontificem Romanum:
604. 2353.

¹66666¹¹60⁰1⁰⁰¹6664666‘¹¹1⁵66
11331515.1689169017781849
2005. 2092. 2106. 2143. 2153. 2376.

15 1515551155 plenariae 15 51115515 1551115

31111131111111111115111 1181
1384- 1386. 1390. 15111 16101615.
1687. 1775. 1789. 1843. 1875. 2036.
2360.’ 2386. 2387.

Indulgentiae concessae ab episeopis: 420.

443. 571. 706. 949. 2173.

Infantes 51 inhabiles 3511515715ρί5 reha-
bilitati: 14. 34. 131. 134. 189205.

209226. 7263.) 316. 357-359 366.

367. 698. 780. 861. 939. 991. 1036.
1051-1053. 1057. 1072. 11081122.
1141. 1164. 1341-1343. 1360. 1419.
1442. 1487. 1499. 1504. 15851619.
1701. 1770, 1776. 1777. 17841844.
1858. 1936. 1937. 1969-1971. 2029.
2056. 2057. 2122.

Inquisitio 555115 magistrum 3555135151
8681703.

Inquisitio 5551511555 pravitatis: 2030..

1515131511 sententiae: 61. 122. 537. 543.
625. 1594. 1733. 1802. 1915. 1917.
2358. 2361. 2380.

1511551 111555555151 19. 27. 109. 259.
273. 298. 363. 731. 2196.
15311511 8. 585. 617. 740. 1019. 1020.

15117153513551 episcoporum: 54. 2098. 2099.

Ε515555515155155111115111 obligationes 113 i 1311813413
solvenda debita 15515515517775777245ἱ Latrones viarum: 200. 552 660 1398,

5..551111

2083 2242.

Exeommunieationis sententiae: 61. 122. Lites inter ordines mendicantium 51

382. 388. 537. 543. 571 a. 5716. 804. ζ
1023. 1205. 1249. 1295. 13031624. .

515151555555151551 exortae= 110. 145.
232. 475. 1577. 2212. 2334.

 

