index 10111111 quarundam 1

ΙΙ. Index 10111111 quarens

4111111100 seu 1111111 011111111101110433-435. i 21(

462. 463. 494. 508. 509. 562. 895.
1146.1435.1604.17021 1803-1807
1811.1812.1831.1852.1918 1924.
20801. 2082. 21171. 2184. 2216. 2234.
2261. 2262. 2351. 2383

Annatarum quarta seu tertis 0111000100·
11011111 010111ορ0. Goion. eiusque 0111110·
geneis 18061812110011110 texendi
11001000111111011111508509.5161803.

Appellatio a papa ad concilium 2179.

3. Augustini 100100101101000111111111 insti·
tute et snb cure fratrum ord. Praedi-
0110111111 viventium monialium 7.9. 10.

17. 64. 136. 142. 143.

31411ον10111ιί01110444.451.1577.1896.’Δ811

22122366.

8000100100] status 11 00001110710111101101
prohibitus 5100

3210014001οῆ ordo: 444. 2269. 227611.

Beneficiorum cumulatio 21. 24. 28. 34.
39. 40. 46. 129. 134. 139. 140. 170.
205. 210. 217. 219. 241. 246. 247. 264.
265. 273. 312. 313. 316. 320-322,
357-359. 366. 367. 378. 379. 395.
411. 415. 488. 500. 512. 601. 698. 727.
736. 737. 802. 861. 864. 865. 986-
989. 1003. 1053. 1073. 1099. 1122.
1123. 1216. 1223. 1245. 1246. 1253.
13011361.1442-1444.1456.1461.
14741478. 1493.1494.1499.1504.
162816591667.167216751676.
16901711.1752.1767.1770-1772.
177617771863189419992000.
2008. 2031. 2055. 2074. 2079. 2085.
2185. 2188.

8041701603 11001011001111 pro pensione 1111111111

Beneficiorum fruetus percipientes 11011
residentes num 1111111110 apostolico: 114.
128. 241. 257. 372. 448. 521. 578. 580.
712. 713. 1121. 2239. 00111.Ρο100111.

Beneficiorum valor annuus: 241. 287. 316.
318. 357. 358. 360. 366. 380395. 396.
584. 635. 780. 790. 864. 976. 987. 991.
1057. 1072. 1217. 1285. 1343. 1442.
1499. 1502. 1515. 1767. 2005. 2097.
2106. 2284. 2314. 2318. 2342. 2357.
2242. 2374.

Camers apostolice: 58. 70. 71. 72. 90.

' 138. 215. 224. 229. 257. 269-271.

291. 292. 302. 340. 38511. 428. 495.
439. 4511. 458. 466. 468. 469. 589.
594. 627. 969. 970, 1511. 1593. 1696.
1729. 1803-1807, isos-1814. 1842.
1917. 1918. 1992. 1998. 2077. 2082.

221
221
237
-igs

cneio

200
4441
516
1111
181]
1911
231

111
·· CC

Gap 01
27 1
400 1
4911
580
101,
127
1811
217
2311
Ge:
de
lae
1011.
11111
(101
de

011001
2711

ciprii
peri
1811

(11111111

qun
Germ 1

1811
(lensi .
381 ’
18ἶ
01111οῑ .
441Ι
3. cli
(110111 1
sae 1
cleric 1
11111 .
1·οι 1

171

1 Debit:

 

